Mean Fluxes
4.313319261108672364e-02
1.659931538966479339e-02
3.083430602211684884e-02
1.274718473067332474e-03
-1.682264810557653270e-02
2.322206858992854974e-08
9.118975127722291378e-04
1.033747918572489738e-02
Correlations
1.000000000000000000e+00
6.923973306509889625e-01
7.482229937692788102e-01
3.184646394300570948e-01
5.738177650516013140e-01
-2.326707661105955477e-02
5.299628887781794306e-01
8.635696020612197987e-01

Mean flux magnitudes
2.815192142465382519e-01
4.978647576323663032e-02
8.771992687382779152e-02
5.058917492165988100e-03
3.658920395276615140e-02
6.009062932889938122e-06
5.656945042168896876e-03
9.669866799718569716e-02

Correlations
1.000000000000000000e+00
4.755099600774655433e-01
8.508776453716270227e-01
-6.744007579102904992e-02
4.741370325644538308e-01
-5.508054358472316142e-02
1.780735227807841436e-01
7.591173243917469504e-01
