Mean Fluxes
1.031476679215725528e-01
1.576774698198739055e-01
1.558414862229813092e-03
-3.811512571780627245e-02
-3.472449538253085527e-02
0.000000000000000000e+00
1.822853691893963277e-03
1.493385810527139874e-02
Correlations
1.000000000000000000e+00
5.932557785601577649e-01
2.061578639864440898e-01
5.045635402430846961e-01
4.206948687477164439e-01
nan
4.364171149375857817e-01
6.322199442927549651e-01

Mean flux magnitudes
7.816927376880380418e-01
3.503616152992781174e-01
7.386768484256890817e-03
1.065662358468080356e-01
1.112400741667004533e-01
0.000000000000000000e+00
1.676603000701294699e-02
1.893628561582260394e-01

Correlations
1.000000000000000000e+00
8.618718259127610137e-01
1.956250037642715822e-01
4.610105425467649898e-01
7.976658769236376623e-01
nan
6.666043048512164670e-01
8.845752420965874441e-01
