Mean Fluxes
1.393262030820955066e-01
4.747457878217943746e-03
3.923219135203712682e-01
-2.724312286576460185e-01
9.775153759734147088e-04
-3.100590615915368368e-04
9.053678636853312823e-04
1.311362312369904366e-02
Correlations
1.000000000000000000e+00
-2.746352650063876855e-01
9.253509505727149920e-01
7.873986921704160258e-01
1.380529577234639871e-01
1.197941308993210191e-01
-2.395024973080063513e-01
1.715193394181382391e-01

Mean flux magnitudes
1.458363678391184415e+00
7.459643765623763349e-03
6.445421570550609047e-01
6.397661850105594850e-01
2.049422366988765728e-03
1.567297508054498953e-02
1.204142742004228085e-03
1.476640573175215798e-01

Correlations
1.000000000000000000e+00
-8.796458957610948926e-02
7.723068958837489006e-01
3.802378958444297408e-01
1.411790973637086222e-01
-4.023090391252530373e-02
-6.163165408763355418e-02
1.924433364104662647e-01
