Mean Fluxes
-2.400423929533091472e-01
-1.277935860391848054e-02
-3.719819105533113679e-01
2.286138075158961145e-03
4.011621419757508908e-08
1.769883581438713993e-01
-6.014088035370582474e-06
-3.456337444756706068e-02
Correlations
1.000000000000000000e+00
3.659353459932441210e-01
8.053452177582275384e-01
3.974303403800031331e-01
1.545260203941610511e-02
1.415924724919183364e-01
8.049430924005689103e-02
6.169339901573971385e-01

Mean flux magnitudes
1.349437685783474006e+00
6.815461091604219090e-02
6.006147557494083689e-01
1.185589572044011553e-01
6.278408503813581107e-08
3.355245892514784889e-01
2.884960842694992941e-05
2.264927696821266434e-01

Correlations
1.000000000000000000e+00
1.136357535853906447e-01
9.187771628570839955e-01
6.094616181756121742e-01
-4.476061534318380442e-02
7.943016572374521633e-01
-2.804723541411176524e-01
4.190177865221052511e-01
