Mean Fluxes
-3.786463867953913653e-01
-2.244417737213677110e-03
1.258378851332947468e-02
-6.265378119870468332e-01
1.880737457256664554e-08
2.551708007255292787e-01
-1.871287391480224570e-06
-1.760292269293009179e-02
Correlations
1.000000000000000000e+00
1.430120429231054036e-01
2.579455771786469676e-01
9.080231334561126300e-01
-5.079549801172664886e-02
-3.290913074415490747e-01
-3.572014439929861035e-02
2.517754835453194229e-01

Mean flux magnitudes
1.623517146056313809e+00
1.926295276698485742e-02
6.555283739551934219e-02
8.979532182562589560e-01
2.031318507682058846e-08
4.103548333058626429e-01
4.459379654362460264e-05
2.302880107450419878e-01

Correlations
1.000000000000000000e+00
-7.056121129149200977e-02
3.247774533776825456e-01
9.586481487750952990e-01
3.721442514432386772e-02
7.919635627166272673e-01
-2.038560449621379667e-01
6.089650678725052613e-01
