Mean Fluxes
1.064225493479373404e-02
-1.972510777521035985e-02
-4.959889568481881672e-03
1.093286867237927423e-01
-4.810135933201760416e-02
0.000000000000000000e+00
-1.665220768850404591e-03
-2.423249502383957241e-02
Correlations
1.000000000000000000e+00
2.190505458779584691e-01
1.844895418479785831e-01
7.472555196906248698e-01
3.748512194163701183e-01
nan
5.115058539526795567e-01
6.954657486209834261e-01

Mean flux magnitudes
7.198593669815316343e-01
5.050348670088740388e-02
1.675078676499310026e-02
2.844164090423394464e-01
1.516237487659463645e-01
0.000000000000000000e+00
1.678412310301227381e-02
1.997677003747823365e-01

Correlations
1.000000000000000000e+00
-7.125744762406870103e-02
6.087449240727019761e-01
9.135610936186737696e-01
9.219222404335689625e-01
nan
7.451497820248078607e-01
9.195537267678434157e-01
