Mean Fluxes
-2.423705904778768738e-01
-4.078681670198255338e-01
1.281589047732217129e-03
1.427517300527517685e-01
1.125587244851935327e-03
-2.940543217110559346e-04
3.409584120226023373e-03
1.722292721187841311e-02
Correlations
1.000000000000000000e+00
9.202232240445061828e-01
3.241187489769072338e-01
6.995089013781446985e-01
-8.961950045586460079e-02
7.891324626535951500e-03
3.807449686495166241e-01
6.329484697277470984e-01

Mean flux magnitudes
1.001241548035226803e+00
5.681833639233071498e-01
1.934421759005019396e-03
2.688342588470860606e-01
2.324834147893882052e-03
8.720044973990969620e-04
5.607731217964943317e-03
1.534834208113653731e-01

Correlations
1.000000000000000000e+00
8.677162688076734964e-01
-2.542165842256643438e-01
1.435517752233380351e-01
1.848944527692324702e-01
1.848937009767818301e-02
-2.254024109687833843e-01
5.880766217142642249e-01
