Mean Fluxes
-2.559326760336131934e-01
-4.096915223304937181e-01
-1.722671788914584105e-03
1.010173686277986496e-02
0.000000000000000000e+00
1.444700385728741876e-01
2.016961268923497600e-06
9.011602732206512069e-04
Correlations
1.000000000000000000e+00
9.202341439525092426e-01
6.359450769561104944e-02
1.770294986459096664e-01
nan
2.506946203107791593e-01
3.054457199862051220e-02
5.098184116682348277e-01

Mean flux magnitudes
1.516917661057520572e+00
8.991221760489902515e-01
6.662915738299691505e-03
8.269005770575696412e-02
0.000000000000000000e+00
2.949365783666657026e-01
2.300378936606299263e-05
2.334504477956497459e-01

Correlations
1.000000000000000000e+00
9.383115035926462566e-01
7.549173571787690107e-02
4.374858483707246698e-02
nan
6.541745424045841695e-01
4.284234986348831736e-02
5.644529692342056260e-01
