Mean Fluxes
-6.128773661157118496e-02
1.160614783601977007e-01
-2.151796810098260959e-01
5.462056233678659611e-03
-4.753363058518722344e-05
4.503893262277372696e-03
1.507776438761420810e-03
2.640115621891111347e-02
Correlations
1.000000000000000000e+00
7.698681777558489259e-01
8.647164394152324629e-01
3.247854368524082380e-01
9.865559885486778480e-02
4.207999450348879344e-01
1.276764829610334551e-01
6.720734295788128865e-01

Mean flux magnitudes
1.145088112534605296e+00
3.215032126421401570e-01
5.031468435594708133e-01
1.484066525302289545e-02
4.247629964278677034e-03
2.284987685690377524e-02
3.661160406448017712e-03
2.748286157229972715e-01

Correlations
1.000000000000000000e+00
5.593132041578152691e-01
8.146197266460843966e-01
6.941018503520816896e-02
-2.510040333536058266e-01
1.779523955049190989e-02
2.321519325562845792e-01
5.277152079402280815e-01
