Mean Fluxes
-7.804971075513490730e-02
1.161583626493099264e-01
-2.283869025894381954e-01
6.013657327139750562e-03
-8.657014103032923975e-04
3.978070835726692060e-03
1.367264514561529433e-03
2.368788324941020762e-02
Correlations
1.000000000000000000e+00
7.207614547662213322e-01
8.089562157627754324e-01
3.130781239864598442e-01
2.142447902031263396e-01
3.152938334339919768e-01
2.079324995148695565e-01
6.241565362650539628e-01

Mean flux magnitudes
1.205202474688685355e+00
3.279390378104806159e-01
5.374638201323246323e-01
1.417168726502286875e-02
5.573445485864604414e-03
1.832713953608208421e-02
3.369857660171573632e-03
2.983476172613237498e-01

Correlations
1.000000000000000000e+00
5.993922076647236752e-01
7.984895772228153277e-01
3.304345141732672464e-01
-2.448860103129000265e-01
8.920703567560077374e-02
2.666740566223980702e-01
3.391396507302354979e-01
