Mean Fluxes
-3.836008219671742658e-01
-2.388328618919978528e-03
1.718032644617217830e-02
-6.308832723542118215e-01
0.000000000000000000e+00
2.481943876218520306e-01
-4.624706355565007640e-06
-1.569412171906091336e-02
Correlations
1.000000000000000000e+00
1.204758302408128756e-01
2.719439856806514788e-01
9.124184491354212501e-01
nan
-3.518330153410298422e-01
-2.578727827143931228e-02
3.187496628455921965e-01

Mean flux magnitudes
1.695720479838703776e+00
1.921455073719465986e-02
7.844473561667091033e-02
9.487446631696493382e-01
0.000000000000000000e+00
3.969572620714486022e-01
5.077108078717183911e-05
2.522562959796762483e-01

Correlations
1.000000000000000000e+00
1.158377581077381230e-01
3.676833355423163030e-01
9.449381152940274919e-01
nan
7.463143071687663443e-01
4.951872442179038741e-02
6.241292940457349170e-01
