Mean Fluxes
-7.953586377435912722e-03
-2.213371243696240706e-02
-5.329121890591900605e-03
9.877484787104287567e-02
-4.945872335261735503e-02
0.000000000000000000e+00
-1.874719686941768611e-03
-2.793076041111232366e-02
Correlations
1.000000000000000000e+00
2.544517169984715221e-01
2.253755081009010952e-01
6.986493928307876411e-01
3.728502104996104238e-01
nan
4.986919083810376074e-01
6.938565071134319417e-01

Mean flux magnitudes
7.151600344633742834e-01
5.662716309732635650e-02
2.038766021039869689e-02
2.702060193906306029e-01
1.554873901149154691e-01
0.000000000000000000e+00
1.709150853010032306e-02
1.953320289133308185e-01

Correlations
1.000000000000000000e+00
-2.113466530257693266e-02
6.393798630892271184e-01
9.161520642262874770e-01
9.271687792243600290e-01
nan
7.996367735196561188e-01
9.165936169119881516e-01
