Mean Fluxes
3.955283114417003365e-02
5.585477978275577016e-03
3.674608597279925282e-01
-3.455260991039008078e-01
6.815052941201590019e-04
2.429905932547884832e-03
7.431850025790589761e-04
8.178707647978110742e-03
Correlations
1.000000000000000000e+00
6.629612054930753007e-02
8.130400404180463392e-01
7.775225347159511191e-01
1.361731906038937401e-01
2.133325581621477729e-01
6.681982588375903753e-02
3.703325059031342126e-01

Mean flux magnitudes
1.587275938102262307e+00
7.503765126875287100e-03
6.636699308621573090e-01
7.609651009855937787e-01
1.865073806259939316e-03
9.906665520495296431e-03
1.047816938649289396e-03
1.423167713904540388e-01

Correlations
1.000000000000000000e+00
-3.010669027751449733e-01
7.548904166450940423e-01
6.104280338479940449e-01
8.739559282473112478e-02
5.305153500544856383e-03
-1.704480680911055479e-01
2.275592462684256634e-01
