Mean Fluxes
1.312189209099991483e-01
1.708579195587872357e-01
1.093403000203592088e-03
-2.958890020953987982e-02
-3.395285554221498525e-02
0.000000000000000000e+00
2.517750247136788053e-03
2.029628330135017228e-02
Correlations
1.000000000000000000e+00
7.108079906413704574e-01
2.501804262459453865e-01
2.696855279852713450e-01
3.238907884116902225e-01
nan
3.816632180293861309e-01
6.041380815655565950e-01

Mean flux magnitudes
8.380120492880911431e-01
3.833707124987560944e-01
6.275293283265006433e-03
1.031360391273395544e-01
1.262932129204202836e-01
0.000000000000000000e+00
1.771981633781632634e-02
2.011949189080536327e-01

Correlations
1.000000000000000000e+00
8.414808602441341545e-01
1.381534865446404914e-01
2.725325105099558609e-01
7.748495478085546395e-01
nan
6.681327663060564470e-01
8.766457809061219963e-01
