Mean Fluxes
-2.531855239800622215e-01
-1.411616557425935184e-02
-3.741305085479430526e-01
-8.048871531212413444e-03
5.542347772885262998e-08
1.847737971337776175e-01
-4.394851867246057187e-06
-4.165416202461577622e-02
Correlations
1.000000000000000000e+00
3.984202622745301459e-01
7.664095932765995212e-01
5.747578994529490837e-01
-1.255838556496780174e-02
2.606858348576593931e-01
1.364493704418766884e-01
6.726322142035837670e-01

Mean flux magnitudes
1.395204773103015050e+00
7.063355082630111414e-02
5.935145757293289748e-01
1.552669571689916650e-01
1.201540403819161359e-07
3.423977004045469785e-01
3.058494753636173440e-05
2.333039716963144772e-01

Correlations
1.000000000000000000e+00
3.192954851290470408e-01
8.740183005802848459e-01
5.683435768861421211e-01
-4.695190222228474985e-02
7.310430536033923898e-01
-9.352633009884760151e-02
4.644042634441654105e-01
