Mean Fluxes
-2.242315507542350095e-01
-3.860516937931956494e-01
-1.693803187129296886e-03
9.260623019046669568e-03
-7.513209077981205417e-07
1.535257165610280916e-01
3.190201947734036569e-06
7.271724076136373924e-04
Correlations
1.000000000000000000e+00
8.982183413368785008e-01
1.127041430701761354e-01
1.525181806467556245e-01
2.798177186295721861e-02
2.516693710721901733e-01
1.237906608837995373e-02
5.262650090493647959e-01

Mean flux magnitudes
1.477752484717518744e+00
8.398166731951315356e-01
7.224316838024697103e-03
7.922897463314342026e-02
8.168544493035239906e-07
3.047092719499993607e-01
2.818554446822977433e-05
2.467072146249094378e-01

Correlations
1.000000000000000000e+00
9.362084426189081210e-01
-4.650204296425132500e-02
1.580177193773762701e-01
6.101899704114906869e-02
6.682457111491525437e-01
-7.436385094046354949e-02
4.980839262583759974e-01
