Mean Fluxes
-1.395369404795125667e-01
-3.310943879953422986e-01
1.465798459006671575e-03
1.675472580450894922e-01
1.573369084447451228e-03
-7.321301586336422451e-04
3.828919442612529599e-03
1.787421424213578303e-02
Correlations
1.000000000000000000e+00
8.706952755042863812e-01
1.495190518449208972e-01
6.813524789176075291e-01
8.702088038356899091e-02
9.714087431405775408e-02
2.464090688994866607e-01
3.620364257382666096e-01

Mean flux magnitudes
9.860416914953959999e-01
4.916081439549855880e-01
2.104464688872337112e-03
3.229430243923921418e-01
2.906307355263465248e-03
1.474661445577988075e-03
5.840983955524950942e-03
1.591634713820017366e-01

Correlations
1.000000000000000000e+00
6.958107242071139842e-01
-2.230918119259531207e-02
4.422882331887973972e-01
2.886894992925620462e-01
-4.213513521448010446e-02
3.564850691250820436e-02
5.938246871853757325e-01
