Mean Fluxes
4.759782362081416140e-02
1.955463953755600184e-02
3.039172655287840363e-02
1.651427309212654630e-03
-1.702824658119139398e-02
1.460249501047264974e-06
7.176126892390823249e-04
1.231143963872490671e-02
Correlations
1.000000000000000000e+00
7.517872415480509884e-01
6.946989140852188882e-01
4.065718634184289360e-01
5.474598040407054889e-01
7.167891181782323762e-02
4.854892898359037257e-01
8.724218150571571018e-01

Mean flux magnitudes
2.864089790318042894e-01
5.656690150383747451e-02
8.262135074911623744e-02
5.789206089581843545e-03
3.467068303888244662e-02
4.516444299944695362e-06
5.171919200846783297e-03
1.015785675685403622e-01

Correlations
1.000000000000000000e+00
3.530046348913937759e-01
8.715511468787996430e-01
7.253860455777479121e-02
5.552501292704342672e-01
-2.146613638621699960e-02
2.662661242144078733e-01
7.856891088778075183e-01
