Mean Fluxes
-2.292146884510643523e-01
-3.835249510403992979e-01
-3.796250118447052550e-04
1.184066475733148473e-02
-1.946592106701640806e-08
1.388153800407294081e-01
3.127258698364447785e-06
4.035587543589210305e-03
Correlations
1.000000000000000000e+00
8.950711090213834265e-01
4.570359428907901783e-02
1.239823774755027253e-01
-1.303326279975212942e-02
1.950855242547814838e-01
5.916541675813440093e-02
5.458464901966415539e-01

Mean flux magnitudes
1.454414686806101642e+00
8.405248019183437780e-01
4.663462284892385887e-03
8.428364638045639234e-02
4.345674809898782613e-08
2.867933525491265789e-01
2.258304554621410565e-05
2.380811432335867839e-01

Correlations
1.000000000000000000e+00
9.368901937203844010e-01
7.602487883343769792e-02
1.745825613974334167e-01
-2.270315832047228172e-02
6.888624426587651728e-01
3.087372074052321599e-02
5.822092315814463293e-01
