Mean Fluxes
-2.297768273623183588e-01
-1.220680903147474891e-02
-3.625591275612586317e-01
-5.227491341489502816e-04
4.103386955364533465e-08
1.802461111252576798e-01
-6.353581899189895595e-06
-3.471664445698666862e-02
Correlations
1.000000000000000000e+00
3.197715883556215832e-01
7.718714442563510136e-01
3.809621618357865169e-01
-2.547718716960284055e-02
1.648674030373501742e-01
1.212291096819722858e-01
5.770826623666913680e-01

Mean flux magnitudes
1.313118462289874833e+00
6.520046927198315523e-02
5.801952844160640499e-01
9.971226484912180943e-02
1.430769100710560015e-07
3.445917420147897592e-01
2.776899795904184631e-05
2.233343051250768208e-01

Correlations
1.000000000000000000e+00
3.223070311189631387e-01
9.267664167628810734e-01
5.603354346539625164e-01
6.361688581261983055e-02
8.041912360718522779e-01
-1.615679574023551612e-01
5.499065336107651358e-01
