Mean Fluxes
3.528650753225617137e-02
1.450806971521310940e-02
3.016121921971826395e-02
1.275777542507808282e-03
-1.905013525872116878e-02
-1.465722065480408287e-07
8.116078352889911831e-04
7.584123811664487264e-03
Correlations
1.000000000000000000e+00
7.286066903606026601e-01
7.607959212227585200e-01
4.539541894576113457e-01
6.388114072687435252e-01
5.240261498989411820e-03
4.903877874639431811e-01
8.836258709378387310e-01

Mean flux magnitudes
2.916929885827488911e-01
5.313677923891819282e-02
8.912197438221260148e-02
5.033436218772022706e-03
3.815009894486718484e-02
5.824351655523934082e-06
6.013192336696045713e-03
1.002252180955478800e-01

Correlations
1.000000000000000000e+00
4.275299970719185771e-01
8.065052361380911083e-01
1.462412119205913630e-01
2.956913126314432705e-01
7.158556552127384558e-03
1.990669532881109149e-01
7.932120097272209458e-01
