Mean Fluxes
2.046522007362834850e-01
6.785074280527728097e-03
4.405953827519267230e-01
-2.634459155022754739e-01
9.915571655525555039e-04
-4.965575857585135351e-04
1.023060572325254578e-03
1.919774128792479939e-02
Correlations
1.000000000000000000e+00
-3.210949756448901460e-01
9.399770102348712353e-01
8.408338503819697829e-01
2.518548328786750501e-01
2.012065479461424000e-01
-2.202538067859767523e-01
3.825366747949003887e-01

Mean flux magnitudes
1.515785850243988264e+00
8.963383085568786546e-03
7.069914717883517552e-01
6.329751572150528194e-01
2.175034388253242659e-03
1.504854859072397161e-02
1.298399443872958348e-03
1.483317087372518772e-01

Correlations
1.000000000000000000e+00
-1.997833111440788234e-01
7.723531006284044542e-01
3.563422513144725579e-01
2.234921345303476081e-01
-2.041042457215223593e-01
1.690994479358590846e-02
3.415585764621317244e-01
