Mean Fluxes
-3.699370181587955386e-01
-4.648960091963894340e-04
1.204575820905533570e-02
-6.075031300441938731e-01
4.314730994196710468e-09
2.465923236724192891e-01
-1.100931450366214765e-06
-2.058757458997031303e-02
Correlations
1.000000000000000000e+00
4.284209632358961656e-02
3.012779975476233552e-01
9.124053988740782328e-01
-3.405552516115798595e-02
-3.447364689849273800e-01
-6.817367646992374131e-03
4.003168138655635033e-01

Mean flux magnitudes
1.607577828872037484e+00
1.786935419537647937e-02
6.946388560429302139e-02
8.808673386872678535e-01
5.233728723893131307e-09
3.992993385899902825e-01
4.427826045841420037e-05
2.399419977987093111e-01

Correlations
1.000000000000000000e+00
1.651033644245714638e-01
3.810420144783127627e-01
9.402339063901048455e-01
-2.339763619331170288e-02
7.807295801165961002e-01
-6.814558365465019085e-02
5.709902213854977093e-01
