Mean Fluxes
-4.323095491800339057e-02
1.169143873541356460e-01
-1.999280050373999362e-01
5.572449750119808434e-03
7.137981753281611135e-05
5.019507283863265668e-03
1.635367360785515596e-03
2.749071556828739174e-02
Correlations
1.000000000000000000e+00
8.084737061481517273e-01
8.461243953621576663e-01
4.248235685732741351e-01
1.421155213493631719e-01
3.517192190485751158e-01
2.523291976087806976e-01
6.828998314240785072e-01

Mean flux magnitudes
1.121712883724615528e+00
3.241944426523162281e-01
4.717832505069592397e-01
1.596318261990277085e-02
5.858533253483240444e-03
2.359940498570470974e-02
3.586272779650191787e-03
2.767165282347113786e-01

Correlations
1.000000000000000000e+00
6.304129423208515437e-01
7.211505990614527351e-01
9.425734751927865307e-03
-2.239708795386474716e-01
-3.420143359597653532e-02
2.556321837449231915e-01
4.374818539091084313e-01
