Mean Fluxes
-2.271034612784016693e-01
-3.774613025282897438e-01
1.230597478620480429e-03
1.318797307950052289e-01
1.276594704580145132e-03
-5.672165882141369563e-04
3.401837200109667121e-03
1.313628039111320277e-02
Correlations
1.000000000000000000e+00
8.870627945914835166e-01
3.290018155883492890e-01
6.798074778411413721e-01
-8.492788615316529399e-02
1.346120869301602463e-01
3.938953103746570261e-01
5.450287008632216379e-01

Mean flux magnitudes
9.579248319724164018e-01
5.356226832604982224e-01
1.880216365602250823e-03
2.549382343215693680e-01
2.148109389651378046e-03
1.252059708925327107e-03
5.601925179006256653e-03
1.564810654180806004e-01

Correlations
1.000000000000000000e+00
8.315416264708662686e-01
-2.093872207841327715e-01
1.670639094583585282e-01
1.258961561207817825e-01
9.348117538931516313e-02
-1.576238555018569243e-01
5.778368790753476425e-01
