Mean Fluxes
1.173958654708476268e-01
1.671478981319436952e-01
9.779694735655383199e-04
-3.460475376199485115e-02
-3.426883296936936163e-02
0.000000000000000000e+00
1.860509213583667019e-03
1.628232217804207599e-02
Correlations
1.000000000000000000e+00
6.703599433380118544e-01
2.181172205127731578e-01
3.929845906473619088e-01
2.687051451016481129e-01
nan
3.860179263689176299e-01
6.483601949472965753e-01

Mean flux magnitudes
8.226289683045001633e-01
3.901804128636938152e-01
6.292818159652514669e-03
1.116829666152059503e-01
1.098094958984379421e-01
0.000000000000000000e+00
1.794106899874401556e-02
1.867090922421291155e-01

Correlations
1.000000000000000000e+00
9.000752242275371628e-01
8.638640551033804904e-02
4.193901199576646754e-01
7.985708052463502682e-01
nan
6.729207190677711781e-01
9.003255696034240252e-01
