Mean Fluxes
1.875009573716289457e-02
-1.810580916707004925e-02
-4.023094395286902665e-03
1.110991586192705549e-01
-4.680458413710462950e-02
0.000000000000000000e+00
-1.505932188393916760e-03
-2.191248660473741131e-02
Correlations
1.000000000000000000e+00
2.727563181545976101e-01
6.552142562457177744e-02
7.244035774289426799e-01
3.033331049299786697e-01
nan
4.787141095364829679e-01
6.400850986884742966e-01

Mean flux magnitudes
7.299692988108692493e-01
5.278887034402834216e-02
1.410722896368040748e-02
2.839181584816973802e-01
1.608557329757801801e-01
0.000000000000000000e+00
1.818007477196046870e-02
2.001027367488684705e-01

Correlations
1.000000000000000000e+00
3.641152475635064251e-02
5.916057869323798624e-01
9.360049427229127916e-01
9.435219496061316713e-01
nan
8.013763684148653699e-01
9.277647436843404760e-01
