Mean Fluxes
1.202583485946387976e-01
1.678678126009439386e-01
6.862433588229375180e-04
-3.513811879476115563e-02
-3.113046924095435805e-02
0.000000000000000000e+00
2.197434418863056498e-03
1.577532447220395331e-02
Correlations
1.000000000000000000e+00
6.837567431574121946e-01
1.791253925062464558e-01
5.000781280404882345e-01
2.465648307268061001e-01
nan
4.217244097923057433e-01
5.333325430710339488e-01

Mean flux magnitudes
8.157975354264223045e-01
3.856773843823008141e-01
5.805812663577708012e-03
1.123007955593060547e-01
1.146202769316538722e-01
0.000000000000000000e+00
1.735229525653210134e-02
1.800299016956044273e-01

Correlations
1.000000000000000000e+00
8.548260550199108243e-01
1.667669696466063389e-01
4.601107496557840237e-01
7.757559599020016350e-01
nan
6.880258904043051738e-01
8.932965503469968427e-01
