Mean Fluxes
-6.158011537764802174e-02
1.166893458394628602e-01
-2.165235788292352304e-01
4.986743801418326745e-03
-2.351252200297095497e-04
3.687081282150916385e-03
1.686243585148113153e-03
2.812563215244482523e-02
Correlations
1.000000000000000000e+00
6.484484126292470174e-01
8.451073344166885049e-01
2.578485584671159070e-01
1.783817117050410239e-01
2.319259127154875144e-01
1.436334045907523560e-01
5.874448348151427579e-01

Mean flux magnitudes
1.111618009613528191e+00
3.120662905306212931e-01
4.890416518080199504e-01
1.265145550798595087e-02
4.403488135498780272e-03
1.887074877481400084e-02
3.695665669054669193e-03
2.708768638406527929e-01

Correlations
1.000000000000000000e+00
5.420651829549785194e-01
8.348481903913455016e-01
5.265812865346430893e-02
-2.891197885544148360e-01
-1.108530314676684364e-01
2.602841417064654661e-01
5.105545508817437295e-01
