Mean Fluxes
-1.582624368844666174e-01
-3.297468850050767064e-01
1.479709639850322091e-03
1.452667182524727818e-01
1.979097888420731054e-03
-7.412615287503061291e-04
3.647733452336144027e-03
1.985182068360835314e-02
Correlations
1.000000000000000000e+00
8.652496329342670434e-01
2.490431601918941251e-01
6.808948243441506065e-01
-1.027712500192488609e-01
1.026150820079418380e-01
2.602764074304676489e-01
4.680836726273685522e-01

Mean flux magnitudes
9.348309136398789132e-01
4.766971875106674195e-01
2.240360692940719829e-03
2.894405928443105069e-01
2.927516346551855154e-03
1.393310249857442713e-03
5.908156102191839537e-03
1.562223630446288036e-01

Correlations
1.000000000000000000e+00
7.826490435406396884e-01
-2.675241599239591705e-01
3.671863141311213496e-01
2.358346990763246220e-01
1.102479700543541365e-02
-6.500319023448827838e-02
6.304244586796695637e-01
