Mean Fluxes
5.130374189718129446e-02
1.865724804505982867e-02
3.339417144379730473e-02
1.257265648206197300e-03
-1.681583100089779209e-02
5.150051056045434372e-07
9.803335623954679851e-04
1.382946649793525065e-02
Correlations
1.000000000000000000e+00
7.377145355410680283e-01
7.714552152184936951e-01
4.314791104484703710e-01
6.490401330643325029e-01
-7.355248826390800576e-02
5.933745821179684521e-01
8.814443887987214454e-01

Mean flux magnitudes
2.950980352951441676e-01
5.107835991386571600e-02
9.368791896425512911e-02
5.085670411995936099e-03
3.591622804098251048e-02
3.196290458867147131e-06
5.598284992081459764e-03
1.037250027411437264e-01

Correlations
1.000000000000000000e+00
3.634564317949138257e-01
8.608117432720403528e-01
8.379330077200398963e-02
4.109416312828260143e-01
5.632022290437693063e-02
1.162658726859149005e-01
6.907469161628474463e-01
