Mean Fluxes
-3.920005501634555301e-01
-1.644680952806016087e-03
1.390412742596142809e-02
-6.285270647217583440e-01
-6.152404741302019914e-09
2.425863707941153802e-01
-1.655103956808448685e-06
-1.831797028748305411e-02
Correlations
1.000000000000000000e+00
1.789527043004960627e-01
1.702577820786979057e-01
9.309497412281902973e-01
-4.541515080178418901e-03
-4.446865339341270484e-01
7.697178934701920383e-02
3.142162205032681399e-01

Mean flux magnitudes
1.614645565990028730e+00
2.050913502476287703e-02
7.128884584187977769e-02
9.111643044498719535e-01
6.152404741302019914e-09
3.824153731472478279e-01
3.997088337995782526e-05
2.291828728521462799e-01

Correlations
1.000000000000000000e+00
3.504831588883990934e-01
2.501050027487221605e-01
9.551586087280039550e-01
-3.757640811751784826e-02
7.546105961720595001e-01
-1.892848603319655931e-01
5.816113105846411058e-01
