Mean Fluxes
8.340822449825037802e-04
-1.993165976001229703e-02
-5.228290265661536193e-03
1.048009330058897459e-01
-4.832654548440716569e-02
-1.350897502726548504e-08
-1.764446120200419089e-03
-2.871775032593493551e-02
Correlations
1.000000000000000000e+00
3.084787600750557579e-01
2.196692604446524033e-01
7.660457073711866016e-01
2.944935355415443934e-01
-3.684853931152627660e-02
4.670410304023939196e-01
6.135676023996546880e-01

Mean flux magnitudes
6.877352422893798778e-01
5.377568701757059338e-02
1.640096049873853226e-02
2.553828208709955638e-01
1.498131258187166970e-01
2.961919005357398994e-08
1.709052765763491299e-02
1.952620218801913166e-01

Correlations
1.000000000000000000e+00
1.100845593670977257e-01
4.937277761819546251e-01
8.834146121862471723e-01
9.265391826391385921e-01
-2.354274419778762395e-02
8.242320328120316120e-01
9.219695361984147075e-01
