Mean Fluxes
-2.135448346534022934e-01
-3.788042945420829199e-01
-1.312983416084071049e-03
8.448178586055187650e-03
0.000000000000000000e+00
1.536004940534839713e-01
4.909766501889776258e-06
4.524985820879609544e-03
Correlations
1.000000000000000000e+00
8.872918428607455832e-01
9.997933521714749694e-02
9.688855381328574656e-02
nan
1.818812821572879657e-01
2.551732236617650779e-02
5.678014811930923722e-01

Mean flux magnitudes
1.435983607713355648e+00
8.220677435271812605e-01
7.376268571279077924e-03
7.562414962544707075e-02
0.000000000000000000e+00
2.981290115222568482e-01
2.402004166683000393e-05
2.327063535838713171e-01

Correlations
1.000000000000000000e+00
9.169382987918270889e-01
1.965629549524201825e-02
-6.934947126184595224e-03
nan
6.158402772416056159e-01
-6.626682476166423190e-03
4.547119261265586410e-01
