Mean Fluxes
1.494695720857282806e-01
4.271129666938165530e-03
4.172901309557023319e-01
-2.870858693005984841e-01
3.006190250367371313e-04
-5.814455695013941638e-04
9.076864449933721166e-04
1.436686188943240607e-02
Correlations
1.000000000000000000e+00
-2.759464916415328428e-01
9.067397618636170442e-01
8.710241289312804502e-01
2.847072593385687345e-03
1.571456095572758005e-01
-1.961780222568794418e-01
3.368462691845299228e-01

Mean flux magnitudes
1.547448763169735342e+00
6.289193606170698052e-03
7.089548433894446999e-01
6.790876415342902428e-01
2.125370321707999340e-03
9.655279720001143026e-03
1.292650794381788653e-03
1.400430444434613564e-01

Correlations
1.000000000000000000e+00
-4.388780014499604754e-02
5.191259577595268571e-01
5.498526081329324633e-01
9.076301133418144748e-03
1.043502499560409469e-01
1.366418920496981493e-01
3.146668933323423789e-01
