Mean Fluxes
-2.361230010481551733e-01
-1.237204290358057124e-02
-3.787833828672095837e-01
-1.253202312727581596e-04
2.945357830909293821e-08
1.891601866532350851e-01
-6.585547138081960165e-06
-3.398658621964225496e-02
Correlations
1.000000000000000000e+00
3.274548914286733448e-01
7.728748204713957737e-01
4.725676190651199038e-01
3.374297632318961487e-02
2.208085143000256545e-01
1.181803172297128945e-01
5.889847081292782782e-01

Mean flux magnitudes
1.383790571071453757e+00
6.271705377969057082e-02
6.097029809908739439e-01
1.396257288996935464e-01
3.589473621211247529e-08
3.523897473433368899e-01
2.955083882557533502e-05
2.192554048919621024e-01

Correlations
1.000000000000000000e+00
3.824439773544309473e-02
8.832491557479600353e-01
6.290800260769400243e-01
-6.129458266947793166e-02
7.917016190505385964e-01
-2.906848576453390787e-01
3.711656850583965883e-01
