Mean Fluxes
-2.351579675663151847e-01
-1.218696509119577935e-02
-3.615338242978282102e-01
-1.105566903205467983e-03
-9.931809730280069188e-07
1.780488848697235893e-01
-6.208043285494829766e-06
-3.836587850367959018e-02
Correlations
1.000000000000000000e+00
4.694123026507999175e-01
7.429158889861507964e-01
5.585809427342987021e-01
4.231240496987329069e-02
2.371111271887891003e-01
1.721485603449563750e-01
6.835083429607466954e-01

Mean flux magnitudes
1.323672711192279694e+00
7.323517610126389910e-02
5.638908619303524272e-01
1.098764880443889314e-01
1.077109175042140061e-06
3.432420915852836263e-01
2.755542931055748773e-05
2.333554371459801713e-01

Correlations
1.000000000000000000e+00
2.865561851428790607e-01
8.840223967782649961e-01
5.899378273645028425e-01
-4.610124299106550805e-02
7.955815773963017534e-01
-1.333527148422481989e-01
6.079744142240905980e-01
