Mean Fluxes
9.963593690853531082e-02
1.628285450118635014e-01
9.172400040081651581e-04
-4.336336826274671957e-02
-3.633335767026089902e-02
0.000000000000000000e+00
1.905320578143926673e-03
1.368427368613395374e-02
Correlations
1.000000000000000000e+00
6.273425242505612509e-01
1.353481259301196615e-01
4.613446941341109442e-01
3.719600726341079078e-01
nan
3.736933891296425059e-01
5.760428275225140116e-01

Mean flux magnitudes
7.987732352414532722e-01
3.599260083734692195e-01
4.961527721413328679e-03
1.079945408121606998e-01
1.242211691931999346e-01
0.000000000000000000e+00
1.788034667488187790e-02
1.837790475219545083e-01

Correlations
1.000000000000000000e+00
7.939785419916098874e-01
-4.201413807814560059e-02
4.997072325590473096e-01
7.878086831782671329e-01
nan
7.269048055402526076e-01
8.919524791185733381e-01
