Mean Fluxes
-2.273098138571877924e-01
-3.943311275287503803e-01
-9.125574827586883150e-05
1.226329545182559475e-02
0.000000000000000000e+00
1.496339922475360684e-01
2.624112405685000626e-06
5.220105889094888915e-03
Correlations
1.000000000000000000e+00
9.057063756376885211e-01
4.509173279376265525e-02
1.476252978453088394e-01
nan
2.076111946185123791e-01
7.401817167720937951e-02
4.472403015015215533e-01

Mean flux magnitudes
1.490929978367948161e+00
8.687378538574100917e-01
6.265961415776955847e-03
9.048899831186517362e-02
0.000000000000000000e+00
2.964398950888882944e-01
2.398608757196206564e-05
2.289410975369396972e-01

Correlations
1.000000000000000000e+00
9.385500344747704782e-01
7.342571861047098025e-02
-1.038247006373935744e-01
nan
6.366286119985736791e-01
-1.461529074075063397e-02
5.337716512555048531e-01
