Mean Fluxes
-2.400020783242923228e-01
-3.885795458425771454e-01
1.036220875307592489e-03
1.293595963403016968e-01
1.000195394407875447e-03
-6.537834413154629178e-04
3.288531501820474851e-03
1.454670684776266688e-02
Correlations
1.000000000000000000e+00
9.115389968738901727e-01
1.078725311712544488e-01
6.416208076214225953e-01
-6.389729279411589247e-02
1.405396721251698233e-01
3.476596577132713972e-01
4.790708732642255940e-01

Mean flux magnitudes
9.880972252059813110e-01
5.608673338347350823e-01
1.672099933694523415e-03
2.607147624458229784e-01
1.979676427422385771e-03
1.309772234860591108e-03
5.627674268341681385e-03
1.559259060611042358e-01

Correlations
1.000000000000000000e+00
8.739413695846142138e-01
-1.343700501233888733e-01
2.134135685117754533e-01
1.082090506754660036e-01
7.467801744042928958e-02
-8.027828255929818357e-02
5.421938270007833349e-01
