Mean Fluxes
-3.801783774388807213e-01
-1.742132988278124670e-03
1.735936687478853782e-02
-6.227847218565596421e-01
2.095683443348858756e-07
2.449477436198170821e-01
-2.646548188555424792e-06
-1.792847037754634679e-02
Correlations
1.000000000000000000e+00
1.578194176256584036e-01
2.640841433269072724e-01
9.275792428437470427e-01
-4.981640854027647933e-03
-4.123908783892690777e-01
7.318129398254831497e-02
2.991077859509602699e-01

Mean flux magnitudes
1.635735588437255306e+00
2.150788139373699046e-02
7.165952991506711889e-02
9.069976509204550341e-01
2.161649281107337626e-07
3.925762034972522518e-01
4.083724988507692722e-05
2.428682410976006067e-01

Correlations
1.000000000000000000e+00
1.483977136701161437e-01
2.432238138560368357e-01
9.543857851037463869e-01
-5.645800375035056606e-02
7.481439328141326062e-01
-4.275968351096704617e-02
6.372744648439138127e-01
