Mean Fluxes
-3.706182999819036816e-02
1.165341245056741720e-01
-1.967595394214341764e-01
6.268669647872811973e-03
1.308370947174371688e-05
4.847461043247068210e-03
1.711010121700873993e-03
3.031483442862442299e-02
Correlations
1.000000000000000000e+00
8.004795141757616861e-01
8.738812042290347026e-01
3.601718162672243873e-01
7.708579183147179492e-02
3.773518311611664400e-01
2.951593319184415698e-01
6.559155396040422525e-01

Mean flux magnitudes
1.114530219173161862e+00
3.146466421175971306e-01
4.738288218097239657e-01
1.713199751246629113e-02
5.125509329437182710e-03
2.338664813099141510e-02
3.848252807543041040e-03
2.765463189378272180e-01

Correlations
1.000000000000000000e+00
6.218585855701735943e-01
7.822744397038777775e-01
1.285055643616349330e-01
-2.618068717378198018e-01
1.066843929682627923e-01
2.050263769671983871e-01
4.162963260739320215e-01
