Mean Fluxes
1.642977285188455538e-01
4.990663812370006551e-03
4.252509170130096550e-01
-2.817667686503489421e-01
5.688839694110723114e-04
2.583006983573803237e-04
8.478193926439297210e-04
1.414849445577961128e-02
Correlations
1.000000000000000000e+00
6.422536344390111784e-02
9.015233342105258840e-01
7.790466269790660148e-01
-6.040182173076892071e-03
1.865252424688728095e-01
-1.951736186571393916e-01
1.682467657899696933e-01

Mean flux magnitudes
1.559323733177654159e+00
8.617468028389306187e-03
7.277615247480189176e-01
6.619600640953006154e-01
2.218970961255583609e-03
1.492621638393959449e-02
1.254973646219529866e-03
1.425824226584101462e-01

Correlations
1.000000000000000000e+00
1.958008334646626700e-02
7.791480541714945751e-01
4.847220343354556316e-01
7.524752856047520200e-02
-2.039739089258724436e-01
-6.724882395377092779e-03
1.932536893119844723e-01
