Mean Fluxes
4.274948412025763450e-02
1.666007613348435834e-02
2.836838932783828857e-02
1.481965983450887368e-03
-1.642079109815684085e-02
-5.879659611520540637e-07
8.279552112796098118e-04
1.183285871304198648e-02
Correlations
1.000000000000000000e+00
7.272190073877099481e-01
7.235777867948787190e-01
4.045958754487598563e-01
6.280195255990760339e-01
5.557265669611253373e-02
5.136144244639775369e-01
8.580408337100253746e-01

Mean flux magnitudes
2.809207993159749117e-01
4.971366791846215660e-02
8.628639560609992210e-02
5.451982776979636194e-03
3.631513143815476991e-02
6.209940168325718532e-06
5.613221937286171255e-03
9.752771135907108147e-02

Correlations
1.000000000000000000e+00
3.312638715290208147e-01
8.450922081525251706e-01
2.322295117366717301e-02
5.279924442187392541e-01
1.129011340555178405e-01
1.978495946194732125e-01
6.976300977079259447e-01
