Mean Fluxes
1.983359499436476714e-02
-2.066921314555418554e-02
-4.701133641294741837e-03
1.193191183093347263e-01
-4.894033022133194299e-02
0.000000000000000000e+00
-1.606916100499169433e-03
-2.356871138888662343e-02
Correlations
1.000000000000000000e+00
2.128835451525978584e-01
2.516094028559247575e-01
7.432887136322500199e-01
2.974432060329473826e-01
nan
4.763277925375486999e-01
6.613070486876987397e-01

Mean flux magnitudes
7.677238743160940126e-01
5.534802731054110775e-02
1.822364079788827557e-02
3.096742608417953901e-01
1.564973568414123883e-01
0.000000000000000000e+00
1.880289395584438389e-02
2.091582276505160043e-01

Correlations
1.000000000000000000e+00
-1.956398681914690296e-01
5.617577944696482417e-01
9.340010702554605304e-01
9.288196232840137956e-01
nan
8.109986238035934436e-01
9.325443148682536210e-01
